2908 2908 0
2162 2162 0
1037 1037 0
3655 3655 0
2489 2489 0
737 737 0
385 385 0
1097 1097 0
1396 1396 0
28 28 0
7469 7469 0
3769 3769 0
2997 2997 0
1082 1082 0
4325 4325 0
685 685 0
2968 2968 0
198 198 0
3633 3633 0
4901 4901 0
3425 3425 0
645 645 0
116 116 0
2481 2481 0
1114 1114 0
1727 1727 0
5290 5290 0
2570 2570 0
9511 9511 0
4601 4601 0
813 813 0
211 211 0
2795 2795 0
809 809 0
743 743 0
627 627 0
82 82 0
4374 4374 0
3727 3727 0
2780 2780 0
273 273 0
145 145 0
2243 2243 0
9249 9249 0
1895 1895 0
1337 1337 0
352 352 0
1164 1164 0
4925 4925 0
1345 1345 0
304 304 0
5183 5183 0
4643 4643 0
65 65 0
7951 7951 0
174 174 0
2967 2967 0
1001 1001 0
2215 2215 0
1087 1087 0
174 174 0
1934 1934 0
6904 6904 0
452 452 0
185 185 0
112 112 0
503 503 0
2571 2571 0
608 608 0
375 375 0
345 345 0
1135 1135 0
305 305 0
2058 2058 0
1430 1430 0
2745 2745 0
2352 2352 0
4990 4990 0
2614 2614 0
3654 3654 0
949 949 0
761 761 0
1393 1393 0
673 673 0
3849 3849 0
589 589 0
9658 9658 0
2813 2813 0
7469 7469 0
8102 8102 0
3818 3818 0
1321 1321 0
3913 3913 0
3913 3913 0
4940 4940 0
3244 3244 0
3724 3724 0
1017 1017 0
1027 1027 0
1267 1267 0
1083 1083 0
591 591 0
3095 3095 0
1005 1005 0
880 880 0
1099 1099 0
999 999 0
642 642 0
2489 2489 0
2940 2940 0
2795 2795 0
4052 4052 0
7386 7386 0
1035 1035 0
2244 2244 0
3126 3126 0
2614 2614 0
855 855 0
1547 1547 0
1091 1091 0
3176 3176 0
620 620 0
938 938 0
1299 1299 0
1359 1359 0
855 855 0
598 598 0
2716 2716 0
1082 1082 0
1306 1306 0
2346 2346 0
6538 6538 0
3591 3591 0
2844 2844 0
1132 1132 0
2363 2363 0
2018 2018 0
476 476 0
873 873 0
1592 1592 0
786 786 0
2803 2803 0
1285 1285 0
1359 1359 0
1207 1207 0
552 552 0
1317 1317 0
3563 3563 0
1203 1203 0
1712 1712 0
1770 1770 0
5081 5081 0
1399 1399 0
2409 2409 0
3080 3080 0
1737 1737 0
2105 2105 0
478 478 0
1118 1118 0
7484 7484 0
4275 4275 0
2176 2176 0
2211 2211 0
793 793 0
1867 1867 0
615 615 0
849 849 0
909 909 0
3313 3313 0
153 153 0
5235 5235 0
52 52 0
1194 1194 0
835 835 0
2876 2876 0
900 900 0
3028 3028 0
935 935 0
400 400 0
894 894 0
491 491 0
928 928 0
823 823 0
2005 2005 0
1090 1090 0
351 351 0
1947 1947 0
996 996 0
1951 1951 0
1033 1033 0
384 384 0
9016 9016 0
525 525 0
1234 1234 0
1099 1099 0
2695 2695 0
950 950 0
205 205 0
423 423 0
646 646 0
764 764 0
756 756 0
474 474 0
1221 1221 0
626 626 0
219 219 0
3266 3266 0
436 436 0
325 325 0
736 736 0
408 408 0
433 433 0
436 436 0
797 797 0
408 408 0
2364 2364 0
4547 4547 0
68 68 0
3835 3835 0
8328 8328 0
3734 3734 0
3262 3262 0
198 198 0
8658 8658 0
3545 3545 0
8284 8284 0
1767 1767 0
2800 2800 0
1107 1107 0
4974 4974 0
6790 6790 0
4560 4560 0
6901 6901 0
3497 3497 0
8805 8805 0
3642 3642 0
568 568 0
1788 1788 0
4899 4899 0
374 374 0
3576 3576 0
3468 3468 0
315 315 0
3681 3681 0
568 568 0
2315 2315 0
1019 1019 0
1537 1537 0
5251 5251 0
490 490 0
2175 2175 0
2314 2314 0
1577 1577 0
1592 1592 0
2934 2934 0
3715 3715 0
1510 1510 0
1009 1009 0
1043 1043 0
484 484 0
2255 2255 0
707 707 0
2535 2535 0
1293 1293 0
492 492 0
756 756 0
5526 5526 0
4773 4773 0
648 648 0
1708 1708 0
6533 6533 0
569 569 0
566 566 0
5076 5076 0
8253 8253 0
7578 7578 0
884 884 0
3824 3824 0
1867 1867 0
908 908 0
2688 2688 0
640 640 0
2228 2228 0
1702 1702 0
3644 3644 0
1794 1794 0
1115 1115 0
1825 1825 0
477 477 0
7653 7653 0
3712 3712 0
4788 4788 0
2756 2756 0
873 873 0
8333 8333 0
332 332 0
6699 6699 0
5895 5895 0
551 551 0
514 514 0
8127 8127 0
2371 2371 0
1436 1436 0
6994 6994 0
644 644 0
644 644 0
3031 3031 0
602 602 0
5906 5906 0
2136 2136 0
917 917 0
1569 1569 0
1258 1258 0
1701 1701 0
2261 2261 0
7159 7159 0
158 158 0
467 467 0
3294 3294 0
4433 4433 0
828 828 0
829 829 0
1082 1082 0
2112 2112 0
476 476 0
2677 2677 0
1200 1200 0
477 477 0
487 487 0
1407 1407 0
929 929 0
484 484 0
2861 2861 0
1044 1044 0
478 478 0
6157 6157 0
522 522 0
518 518 0
6440 6440 0
1187 1187 0
4373 4373 0
578 578 0
1821 1821 0
1636 1636 0
578 578 0
1763 1763 0
2071 2071 0
1711 1711 0
472 472 0
6183 6183 0
1183 1183 0
2297 2297 0
1020 1020 0
3990 3990 0
476 476 0
487 487 0
6939 6939 0
6857 6857 0
4259 4259 0
502 502 0
2239 2239 0
1415 1415 0
477 477 0
476 476 0
2001 2001 0
1126 1126 0
2261 2261 0
8750 8750 0
520 520 0
83 83 0
2017 2017 0
67 67 0
408 408 0
292 292 0
1755 1755 0
2134 2134 0
766 766 0
766 766 0
960 960 0
1591 1591 0
522 522 0
4470 4470 0
624 624 0
883 883 0
828 828 0
461 461 0
9691 9691 0
677 677 0
2021 2021 0
1322 1322 0
1046 1046 0
671 671 0
282 282 0
1995 1995 0
789 789 0
1851 1851 0
5928 5928 0
601 601 0
1721 1721 0
1360 1360 0
1500 1500 0
1389 1389 0
380 380 0
857 857 0
3045 3045 0
1380 1380 0
5644 5644 0
2779 2779 0
1309 1309 0
309 309 0
1021 1021 0
2068 2068 0
5260 5260 0
1118 1118 0
1371 1371 0
1082 1082 0
1672 1672 0
803 803 0
2459 2459 0
1038 1038 0
9586 9586 0
793 793 0
287 287 0
3277 3277 0
526 526 0
6741 6741 0
1183 1183 0
142 142 0
9868 9868 0
2360 2360 0
258 258 0
1126 1126 0
16 16 0
1367 1367 0
635 635 0
4812 4812 0
4300 4300 0
280 280 0
506 506 0
186 186 0
4000 4000 0
6465 6465 0
3124 3124 0
93 93 0
6484 6484 0
3251 3251 0
6350 6350 0
9872 9872 0
4534 4534 0
85 85 0
6942 6942 0
9091 9091 0
204 204 0
1086 1086 0
4427 4427 0
983 983 0
181 181 0
4652 4652 0
6140 6140 0
3108 3108 0
835 835 0
113 113 0
5794 5794 0
3041 3041 0
913 913 0
113 113 0
5396 5396 0
2341 2341 0
5277 5277 0
3626 3626 0
43 43 0
4921 4921 0
3359 3359 0
9381 9381 0
187 187 0
1368 1368 0
1015 1015 0
3201 3201 0
90 90 0
3438 3438 0
2744 2744 0
2958 2958 0
24 24 0
24 24 0
272 272 0
1906 1906 0
7506 7506 0
759 759 0
7220 7220 0
264 264 0
4041 4041 0
2053 2053 0
246 246 0
2051 2051 0
6694 6694 0
9823 9823 0
3582 3582 0
179 179 0
6837 6837 0
1087 1087 0
732 732 0
4401 4401 0
326 326 0
1082 1082 0
4992 4992 0
2433 2433 0
1006 1006 0
532 532 0
3225 3225 0
9776 9776 0
318 318 0
1628 1628 0
4386 4386 0
2481 2481 0
5970 5970 0
1194 1194 0
1011 1011 0
8951 8951 0
3561 3561 0
6347 6347 0
1098 1098 0
3847 3847 0
2714 2714 0
983 983 0
5780 5780 0
3756 3756 0
2775 2775 0
3458 3458 0
1801 1801 0
28 28 0
1932 1932 0
1776 1776 0
65 65 0
6938 6938 0
8364 8364 0
9729 9729 0
5539 5539 0
546 546 0
1390 1390 0
4261 4261 0
139 139 0
5375 5375 0
3857 3857 0
35 35 0
4009 4009 0
139 139 0
5377 5377 0
3825 3825 0
35 35 0
2053 2053 0
9542 9542 0
199 199 0
6645 6645 0
2424 2424 0
121 121 0
5337 5337 0
5152 5152 0
35 35 0
4959 4959 0
6465 6465 0
42 42 0
2421 2421 0
2310 2310 0
329 329 0
1758 1758 0
3645 3645 0
2207 2207 0
3245 3245 0
7337 7337 0
7854 7854 0
2424 2424 0
5806 5806 0
3689 3689 0
90 90 0
2218 2218 0
3124 3124 0
1077 1077 0
2584 2584 0
2731 2731 0
112 112 0
4863 4863 0
162 162 0
514 514 0
100 100 0
3433 3433 0
3670 3670 0
4779 4779 0
5696 5696 0
7026 7026 0
4609 4609 0
391 391 0
4247 4247 0
586 586 0
102 102 0
622 622 0
1075 1075 0
889 889 0
75 75 0
864 864 0
8621 8621 0
113 113 0
9394 9394 0
284 284 0
5991 5991 0
227 227 0
8791 8791 0
3924 3924 0
3039 3039 0
59 59 0
2022 2022 0
9677 9677 0
71 71 0
4717 4717 0
5061 5061 0
128 128 0
3493 3493 0
110 110 0
1806 1806 0
462 462 0
140 140 0
2739 2739 0
3266 3266 0
9234 9234 0
9692 9692 0
190 190 0
5740 5740 0
3269 3269 0
61 61 0
80 80 0
1877 1877 0
79 79 0
2246 2246 0
73 73 0
4066 4066 0
5202 5202 0
116 116 0
9088 9088 0
6355 6355 0
9899 9899 0
116 116 0
6064 6064 0
1637 1637 0
861 861 0
625 625 0
996 996 0
50 50 0
6045 6045 0
1432 1432 0
933 933 0
5804 5804 0
620 620 0
459 459 0
7604 7604 0
147 147 0
104 104 0
51 51 0
1406 1406 0
1581 1581 0
1020 1020 0
5283 5283 0
6374 6374 0
2965 2965 0
7717 7717 0
8412 8412 0
7347 7347 0
174 174 0
851 851 0
2708 2708 0
4113 4113 0
8143 8143 0
648 648 0
185 185 0
1229 1229 0
8295 8295 0
6066 6066 0
6364 6364 0
4036 4036 0
225 225 0
306 306 0
1173 1173 0
1136 1136 0
494 494 0
4739 4739 0
80 80 0
653 653 0
4438 4438 0
4071 4071 0
84 84 0
1296 1296 0
3189 3189 0
3102 3102 0
1820 1820 0
102 102 0
7675 7675 0
9238 9238 0
663 663 0
6413 6413 0
6591 6591 0
135 135 0
474 474 0
3393 3393 0
157 157 0
1158 1158 0
9232 9232 0
8680 8680 0
105 105 0
7321 7321 0
44 44 0
8272 8272 0
32 32 0
7465 7465 0
636 636 0
9942 9942 0
430 430 0
2583 2583 0
251 251 0
2150 2150 0
6307 6307 0
4197 4197 0
3284 3284 0
5294 5294 0
43 43 0
2852 2852 0
9606 9606 0
71 71 0
1 1 0
51 51 0
355 355 0
1810 1810 0
1415 1415 0
1385 1385 0
7038 7038 0
1483 1483 0
2742 2742 0
4147 4147 0
2473 2473 0
3106 3106 0
2606 2606 0
6973 6973 0
2924 2924 0
1878 1878 0
3866 3866 0
6113 6113 0
2369 2369 0
4425 4425 0
1010 1010 0
3998 3998 0
1178 1178 0
1 1 0
51 51 0
31 31 0
2645 2645 0
1246 1246 0
3346 3346 0
5137 5137 0
90 90 0
2652 2652 0
1509 1509 0
128 128 0
3631 3631 0
5612 5612 0
94 94 0
2356 2356 0
5880 5880 0
2815 2815 0
7797 7797 0
363 363 0
2268 2268 0
1793 1793 0
185 185 0
6978 6978 0
5314 5314 0
502 502 0
1749 1749 0
1019 1019 0
513 513 0
649 649 0
3768 3768 0
6755 6755 0
7774 7774 0
7514 7514 0
9255 9255 0
3207 3207 0
8635 8635 0
459 459 0
2183 2183 0
7461 7461 0
372 372 0
2861 2861 0
8809 8809 0
194 194 0
7429 7429 0
1482 1482 0
2888 2888 0
9564 9564 0
848 848 0
1274 1274 0
2804 2804 0
1534 1534 0
3934 3934 0
1168 1168 0
2607 2607 0
844 844 0
847 847 0
3352 3352 0
5440 5440 0
834 834 0
6976 6976 0
313 313 0
2526 2526 0
313 313 0
3657 3657 0
3353 3353 0
593 593 0
3646 3646 0
3030 3030 0
4795 4795 0
102 102 0
1578 1578 0
524 524 0
48 48 0
956 956 0
7708 7708 0
9999 9999 0
9274 9274 0
6984 6984 0
7289 7289 0
7464 7464 0
316 316 0
7871 7871 0
8263 8263 0
1475 1475 0
7600 7600 0
7330 7330 0
957 957 0
3960 3960 0
2133 2133 0
2241 2241 0
5027 5027 0
5195 5195 0
4513 4513 0
4723 4723 0
271 271 0
3217 3217 0
164 164 0
94 94 0
3936 3936 0
5285 5285 0
5579 5579 0
1272 1272 0
114 114 0
1689 1689 0
1631 1631 0
3592 3592 0
277 277 0
289 289 0
980 980 0
2818 2818 0
7699 7699 0
